[app/ui]
version = 8.2.4
modtime = 1642435159.769313000

[app/launcher]
version = 8.2.4
modtime = 1642435159.770327000

[app/install/install_source_checksum]
version = 8.2.4
modtime = 1642435595.705049000
